{
    "Main": {
        "r": 0.16911765933036804,
        "g": 0.18901388347148895,
        "b": 0.22549021244049072,
        "a": 1.0
    },
    "Secondary": {
        "r": 0.9754902124404907,
        "g": 0.9016533493995667,
        "b": 0.6168541312217712,
        "a": 1.0
    },
    "Text": {
        "r": 1.0,
        "g": 0.9867358803749084,
        "b": 0.8872548937797546,
        "a": 1.0
    }
}