{
    "Main": {
        "r": 0.21960784494876862,
        "g": 0.16862745583057404,
        "b": 0.0313725508749485,
        "a": 1.0
    },
    "Secondary": {
        "r": 0.7215686440467834,
        "g": 0.5568627715110779,
        "b": 0.10980392247438431,
        "a": 1.0
    },
    "Text": {
        "r": 1.0,
        "g": 1.0,
        "b": 1.0,
        "a": 1.0
    }
}