{
    "Main": {
        "r": 0.003921568859368563,
        "g": 0.04313725605607033,
        "b": 0.9215686321258545,
        "a": 1.0
    },
    "Secondary": {
        "r": 0.9215686321258545,
        "g": 0.40392157435417175,
        "b": 0.10980392247438431,
        "a": 1.0
    },
    "Text": {
        "r": 1.0,
        "g": 1.0,
        "b": 1.0,
        "a": 1.0
    }
}