{
    "Main": {
        "r": 0.062745101749897,
        "g": 0.0941176488995552,
        "b": 0.125490203499794,
        "a": 1.0
    },
    "Secondary": {
        "r": 0.18067573010921478,
        "g": 0.5049020051956177,
        "b": 0.4572216272354126,
        "a": 1.0
    },
    "Text": {
        "r": 1.0,
        "g": 1.0,
        "b": 1.0,
        "a": 1.0
    }
}